metal_tray2
dims: 0.38 0.28 0.02
0.05 0.0 0.08 0.06
-0.05 0.0 0.08 0.06
0.18 0.0 0.0 0.04
0.18 0.04 0.0 0.02
0.18 0.08 0.0 0.02
0.18 0.14 0.0 0.02
0.18 -0.04 0.0 0.02
0.18 -0.08 0.0 0.02
0.18 -0.14 0.0 0.04
-0.18 0.0 0.0 0.02
-0.18 0.04 0.0 0.02
-0.18 0.08 0.0 0.02
-0.18 0.14 0.0 0.02
-0.18 -0.04 0.0 0.02
-0.18 -0.08 0.0 0.02
-0.18 -0.14 0.0 0.02
0.18 -0.14 0.0 0.04
0.14 -0.14 0.0 0.02
0.10 -0.14 0.0 0.04
0.06 -0.14 0.0 0.02
0.02 -0.14 0.0 0.04
-0.02 -0.14 0.0 0.04
-0.06 -0.14 0.0 0.04
-0.10 -0.14 0.0 0.04
-0.14 -0.14 0.0 0.04
-0.18 -0.14 0.0 0.04
0.18 0.14 0.0 0.02
0.14 0.14 0.0 0.02
0.10 0.14 0.0 0.02
0.06 0.14 0.0 0.02
0.02 0.14 0.0 0.02
-0.02 0.14 0.0 0.02
-0.06 0.14 0.0 0.02
-0.10 0.14 0.0 0.02
-0.14 0.14 0.0 0.02
-0.18 0.14 0.0 0.02

