metal_tray
dims: 0.25 0.38 0.02
0.0 0.08 0.12 0.06
0.0 -0.08 0.12 0.06
0.13 0.0 0.0 0.02
0.13 0.04 0.0 0.02
0.13 0.08 0.0 0.02
0.13 0.12 0.0 0.02
0.13 0.16 0.0 0.02
0.13 0.20 0.0 0.04
0.13 -0.04 0.0 0.02
0.13 -0.08 0.0 0.02
0.13 -0.12 0.0 0.02
0.13 -0.16 0.0 0.02
0.13 -0.20 0.0 0.04
-0.13 0.0 0.0 0.02
-0.13 0.04 0.0 0.02
-0.13 0.08 0.0 0.02
-0.13 0.12 0.0 0.02
-0.13 0.16 0.0 0.02
-0.13 0.20 0.0 0.04
-0.13 -0.04 0.0 0.02
-0.13 -0.08 0.0 0.02
-0.13 -0.12 0.0 0.02
-0.13 -0.16 0.0 0.02
-0.13 -0.20 0.0 0.04
0.11 -0.20 0.0 0.02 
0.07 -0.20 0.0 0.02 
0.03 -0.20 0.0 0.02 
-0.01 -0.20 0.0 0.02 
-0.05 -0.20 0.0 0.02 
-0.09 -0.20 0.0 0.02 
-0.11 -0.20 0.0 0.02
0.11 0.20 0.0 0.02 
0.07 0.20 0.0 0.02 
0.03 0.20 0.0 0.02 
-0.01 0.20 0.0 0.02 
-0.05 0.20 0.0 0.02 
-0.09 0.20 0.0 0.02 
-0.11 0.20 0.0 0.02 
