real_tray
dims: 0.28 0.42 0.04
0.00 0.00  0.06 0.04
0.14 -0.21 0.0 0.04
0.14 -0.18 0.0 0.04
0.14 -0.14 0.0 0.04
0.14 -0.10 0.0 0.04
0.14 -0.06 0.0 0.04
0.14 -0.02 0.0 0.04
0.14 0.22 0.0 0.04
0.14 0.18 0.0 0.04
0.14 0.14 0.0 0.04
0.14 0.10 0.0 0.04
0.14 0.06 0.0 0.04
0.14 0.02 0.0 0.04
-0.14  0.21 0.0 0.04
-0.10 0.21 0.0 0.04
-0.06 0.21 0.0 0.04
-0.02 0.21 0.0 0.04
0.02 0.21 0.0 0.04
0.06 0.21 0.0 0.04
0.10 0.21 0.0 0.04
0.14 0.21 0.0 0.04
-0.14 -0.21 0.0 0.04
-0.10 -0.21 0.0 0.04
-0.06 -0.21 0.0 0.04
-0.02 -0.21 0.0 0.04
0.02 -0.21 0.0 0.04
0.06 -0.21 0.0 0.04
0.10 -0.21 0.0 0.04
0.14 -0.21 0.0 0.04
-0.14 -0.22 0.0 0.04
-0.14 -0.18 0.0 0.04
-0.14 -0.14 0.0 0.04
-0.14 -0.10 0.0 0.04
-0.14 -0.06 0.0 0.04
-0.14 -0.02 0.0 0.04
-0.14 0.22 0.0 0.04
-0.14 0.18 0.0 0.04
-0.14 0.14 0.0 0.04
-0.14 0.10 0.0 0.04
-0.14 0.06 0.0 0.04
-0.14 0.02 0.0 0.04

