backgammon
dims: 0.40 0.54 0.04
0.2 0.0 0.0 0.04
0.2 0.04 0.0 0.04
0.2 0.08 0.0 0.04
0.2 0.12 0.0 0.04
0.2 0.14 0.0 0.04
0.2 0.16 0.0 0.04
0.2 0.20 0.0 0.04
0.2 0.24 0.0 0.04
0.2 0.28 0.0 0.06
0.2 -0.04 0.0 0.04
0.2 -0.08 0.0 0.04
0.2 -0.12 0.0 0.04
0.2 -0.14 0.0 0.04
0.2 -0.16 0.0 0.04
0.2 -0.20 0.0 0.04
0.2 -0.24 0.0 0.04
0.2 -0.28 0.0 0.06
-0.2 0.0 0.0 0.04
-0.2 0.04 0.0 0.04
-0.2 0.08 0.0 0.04
-0.2 0.12 0.0 0.04
-0.2 0.14 0.0 0.04
-0.2 0.16 0.0 0.04
-0.2 0.20 0.0 0.04
-0.2 0.24 0.0 0.04
-0.2 0.28 0.0 0.04
-0.2 -0.04 0.0 0.04
-0.2 -0.08 0.0 0.04
-0.2 -0.12 0.0 0.04
-0.2 -0.14 0.0 0.04
-0.2 -0.16 0.0 0.04
-0.2 -0.20 0.0 0.04
-0.2 -0.24 0.0 0.04
-0.2 -0.28 0.0 0.04
-0.20 -0.28 0.0 0.04
-0.16 -0.28 0.0 0.04
-0.12 -0.28 0.0 0.04
-0.08 -0.28 0.0 0.04
-0.04 -0.28 0.0 0.04
0.00 -0.28  0.0 0.04
0.04 -0.28 0.0 0.04
0.08 -0.28 0.0 0.04
0.12 -0.28 0.0 0.04
0.16 -0.28 0.0 0.04
0.20 -0.28 0.0 0.04
-0.20 0.28 0.0 0.04
-0.16 0.28 0.0 0.04
-0.12 0.28 0.0 0.04
-0.08 0.28 0.0 0.04
-0.04 0.28 0.0 0.04
0.00 0.28  0.0 0.04
0.04 0.28 0.0 0.04
0.08 0.28 0.0 0.04
0.12 0.28 0.0 0.04
0.16 0.28 0.0 0.04
0.20 0.28 0.0 0.04

