tray
dims: 0.16 0.28 0.02
0.08 0.0 0.0 0.02
0.08 0.02 0.0 0.02
0.08 0.04 0.0 0.02
0.08 0.06 0.0 0.02
0.08 0.08 0.0 0.02
0.08 0.1 0.0 0.02
0.08 0.12 0.0 0.02
0.08 0.14 0.0 0.04
0.08 -0.0 0.0 0.02
0.08 -0.02 0.0 0.02
0.08 -0.04 0.0 0.02
0.08 -0.06 0.0 0.02
0.08 -0.08 0.0 0.02
0.08 -0.1 0.0 0.02
0.08 -0.12 0.0 0.02
0.08 -0.14 0.0 0.04
-0.08 0.14 0.0 0.02
-0.06 0.14 0.0 0.02
-0.04 0.14 0.0 0.02
-0.02.14 0.0 0.02
0.00 0.14 0.0 0.02
0.02 0.14 0.0 0.02
0.04 0.14 0.0 0.02
0.06 0.14 0.0 0.02
0.08 0.14 0.0 0.02
-0.08 -0.14 0.0 0.02
-0.06 -0.14 0.0 0.02
-0.04 -0.14 0.0 0.02
-0.02 -0.14 0.0 0.02
0.00 -0.14 0.0 0.02
0.02 -0.14 0.0 0.02
0.04 -0.14 0.0 0.02
0.06 -0.14 0.0 0.02
0.08 -0.14 0.0 0.02
-0.08 0.0 0.0 0.02
-0.08 0.02 0.0 0.02
-0.08 0.04 0.0 0.02
-0.08 0.06 0.0 0.02
-0.08 0.08 0.0 0.02
-0.08 0.1 0.0 0.02
-0.08 0.12 0.0 0.02
-0.08 0.14 0.0 0.02
-0.08 -0.0 0.0 0.02
-0.08 -0.02 0.0 0.02
-0.08 -0.04 0.0 0.02
-0.08 -0.06 0.0 0.02
-0.08 -0.08 0.0 0.02
-0.08 -0.1 0.0 0.02
-0.08 -0.12 0.0 0.02
-0.08 -0.14 0.0 0.02
0.04 0.04 0.0 0.02
0.04 0.08 0.0 0.02
0.04 0.12 0.0 0.02
0.04 -0.0 0.0 0.02
0.04 -0.04 0.0 0.02
0.04 -0.08 0.0 0.02
0.04 -0.12 0.0 0.02
-0.04 0.04 0.0 0.02
-0.04 0.08 0.0 0.02
-0.04 0.12 0.0 0.02
-0.04 -0.0 0.0 0.02
-0.04 -0.04 0.0 0.02
-0.04 -0.08 0.0 0.02
-0.04 -0.12 0.0 0.02

